[22,27,16,2,18,6] dizisinin "Insertion Sort Algoritması"na göre sıralanması:


1.  22 | 27 16 2 18 6
2.  22 27 | 16 2 18 6
3.  22 16 27 | 2 18 6
4.  16 22 27 | 2 18 6
5.  16 22 2 27 | 18 6
6.  16 2 22 27 | 18 6
7.  2 16 22 27 | 18 6
8.  2 16 22 18 27 | 6
9.  2 16 18 22 27 | 6
10. 2 16 18 22 6 27 |
11. 2 16 18 6 22 27 |
12. 2 16 6 18 22 27 |
13. 2 6 16 18 22 27 |

Sıralı dizi: [2, 6, 16, 18, 22, 27]

Big-O Notation: O(n^2)

Time Complexity: 18, average case kapsamına girer.

*******************************************************************************

[7,3,5,8,2,9,4,15,6] dizisinin "Selection Sort Algoritması"na göre sıralanması:

1. 7 3 5 8 2* 9 4 15 6
2. 2 3* 5 8 7 9 4 15 6
3. 2 3 5 8 7 9 4* 15 6
4. 2 3 4 8 7 9 5* 15 6 
5. 2 3 4 5 7 9 8 15 6*
6. 2 3 4 5 6 9 8 15 7*
7. 2 3 4 5 6 7 8* 15 9
8. 2 3 4 5 6 7 8 15 9*
9. 2 3 4 5 6 7 8 9 15

Sıralı dizi: [2, 3, 4, 5, 6, 7, 8, 9, 15]